rvec: [1.7584852899096874, 0.0022200008800331876, 0.002132760257784613]
tvec: [-0.004990302076623718, -0.1901880760007776, 25.17765137482313]
f: 5609.811666437981
w: 1280
h: 720
