rvec: [0.9568342212830151, -1.777446505144592, 1.5190551512075954]
tvec: [0.08831185474264487, 0.052338405131039455, 4.132174040171446]
f: 1093.8916189938102
w: 1280
h: 720
