rvec: [1.3574336038675336, -1.3784685040499456, 1.1363020441117673]
tvec: [-0.029665734206233835, 0.3765062944502083, 4.49701206608509]
f: 1283.447229161153
